pom = [1 2 3];